# cell radius: 14
5 -7 -7
6.5 -3.5 -8
4.25 -7.25 -6.25
5.75 -7.25 -4.75
7.25 -7.75 -2.75
5.5 -2.5 -9
3.75 -4.75 -7.25
7.25 -4.25 -4.25
4.25 -0.75 -9.75
2 -6 -7
0.75 -10.25 -3.75
1.25 -9.75 -3.75
7.75 -5.75 -1.25
0 -4.5 -9.5
2.5 -5 -6.5
10 -1 -3
9.5 -5 0.5
0.75 -1.75 -10.25
0.25 -3.75 -8.75
8 1.5 -6.5
3.25 -4.75 -4.75
5.25 -2.75 -4.75
10.5 0 -2.5
3.75 -7.25 -1.75
4.25 -2.75 -4.75
0.75 -9.25 -1.75
6.5 -5.5 0
11 -1 0
9 -3.5 0.5
3 -0.5 -7.5
7.5 1.5 -5
7.75 0.75 -3.75
-2.25 -10.25 -2.75
6 -4.5 -0.5
4.5 -7.5 1
5.5 3.5 -8
9.5 3.5 -4
5 -3 -2
9.75 0.75 -0.75
1.75 -7.75 -0.25
7 -3 0
3.25 -8.25 1.75
-1.25 0.25 -10.25
-0.25 0.25 -9.25
2.5 1 -7.5
4.75 2.75 -6.75
4 1 -6
4.75 1.75 -5.75
-3.5 -7 -5.5
7.75 3.75 -4.75
0.5 -8.5 0
-1.5 -1 -8.5
-0.25 -2.25 -5.75
1 -2.5 -4.5
7 2 -3
8.5 3.5 -3
-2.25 1.75 -10.75
-5.25 -3.75 -8.25
1.75 1.25 -6.25
-2.5 -7.5 -2
7.5 -3 3.5
-4 -2.5 -7.5
4 5 -7
4.5 5 -6.5
-3 -4.5 -4.5
2.25 0.75 -4.25
-1.75 -4.25 -3.25
-3 -6 -3
8.25 2.25 0.25
5.25 5.25 -4.75
4.5 4 -4.5
-2.75 -5.25 -2.25
5.25 2.25 -1.75
9 1 3
9 -2 6
1.25 6.25 -8.75
3.75 5.75 -5.75
0.25 0.75 -4.25
-6.5 -6.5 -4
2.25 -0.25 -1.25
2.25 -6.25 4.75
-3.25 -0.25 -5.75
-1.25 1.75 -5.75
-7 -5 -5
5.5 4 -1.5
-1.25 -3.25 -0.75
9.25 4.25 2.25
10 4 3
6 -2 5
1.5 -8.5 7
3 6 -5
3.75 3.75 -1.75
2.5 1.5 -1
2.25 -1.25 1.75
-2.5 -8.5 4
8 1 5
6 -2 6
-1.75 5.25 -7.75
4 4.5 -1.5
-1.75 -8.75 6.25
3.75 -3.75 6.75
-6.75 -3.25 -3.25
-2.75 0.25 -2.75
-0.75 1.75 -2.25
-5.25 -4.25 -0.75
-7 -6.5 -0.5
-4.75 -8.75 4.25
-5.75 3.25 -7.75
-2 5.5 -6.5
-2 4.5 -5.5
3.25 6.75 -2.25
-7.25 -6.25 0.25
1.5 2.5 0
-5.5 -6.5 2
-5.5 -7 2.5
-2.75 -4.25 2.75
-0.75 -3.75 4.25
5.25 0.25 6.25
3.75 -1.75 6.75
0 -6 7
1.5 -5.5 8
5.25 -2.25 8.75
-2 7.5 -7.5
-9.75 -3.75 -3.75
4.75 5.75 1.25
4.25 4.25 2.25
3 2 3
7.25 5.75 3.75
6.5 3.5 5
5 -1.5 8.5
-3.5 4.5 -5
-6.5 -3.5 0
-7.75 -6.25 1.75
7.5 7 3.5
4 2.5 4.5
0.75 -2.75 6.75
6.5 2.5 7
-8.25 0.75 -4.75
0.75 4.75 0.25
-6 -3 1
2 5 1
-7.75 -6.25 2.75
-6.75 -7.25 4.75
1.25 -1.25 6.75
4.75 1.75 7.25
5.25 1.75 7.75
-2.5 -6.5 8
-1.5 -6.5 9
-6.25 3.75 -4.75
-3.5 6 -4.5
-5.5 -1 0.5
0.25 -2.75 8.25
-7.75 2.75 -4.25
-8.75 -0.25 -2.25
2.75 8.25 0.75
-8.5 -3.5 1
-2.5 2.5 1
-8 -4.5 2.5
-1.25 2.25 2.75
5.5 9 2.5
-4.75 -2.25 3.75
3.75 4.75 5.25
-9 1.5 -3.5
-0.25 8.25 -1.25
2.25 8.75 0.75
4.5 9.5 2
-3.75 0.75 2.75
4.75 8.75 3.25
-0.25 2.25 4.75
-5 -3 5
3.5 5.5 5
-0.75 -1.75 8.25
1.75 -1.75 10.75
-7.75 0.25 0.25
-9 -2.5 1.5
1.5 5 4.5
-7 -4 5
-1.75 -2.25 8.75
-4 4 1
-2 6 1
1.5 9.5 1
2.25 8.25 3.25
-1.75 3.75 3.75
-2 2.5 4.5
2.5 6 5.5
-5 -3 7
2.5 1.5 10
-6.75 5.75 -2.25
-4.5 5.5 0
-1 9 0
-8.75 0.75 0.75
-4.5 4 1.5
-9.75 -1.75 2.25
-2.25 5.25 2.75
-8.25 -2.75 4.75
3.5 7.5 6
-4 -1.5 7.5
-10.75 1.25 -0.75
0 9 2
2.75 8.75 5.25
2.5 7.5 6
-6.5 -3 7.5
-1.75 0.75 8.75
-1 1 9
2 3 10
-2 10 0
-0.25 6.75 5.25
-7.25 -0.75 5.75
-1.75 2.75 7.75
1 5.5 7.5
-6 -2 8
-4.5 -0.5 8
-7 8 -2
-2.75 9.75 0.75
-1 10.5 1.5
-1.5 3.5 8
-7.5 3 3.5
-3 7.5 3.5
-3.75 0.75 9.75
-2 10 3
-6 5.5 3.5
-9.25 0.75 5.25
-8.75 5.75 1.75
-9.5 4 2.5
-5.75 2.75 7.75
-6.75 0.75 8.75
-3 8.5 6.5
3.5 -8 -10.5
12 -4 -6
9.75 -7.75 -4.25
8 -10 -4
5 -6 -10
2.75 -10.25 -7.75
2.75 -10.75 -7.25
4 -9.5 -7.5
10.5 -4.5 -6
7.75 -7.75 -5.25
5.5 -11 -4.5
8.75 -8.25 -3.75
10 -9 -2
1.25 -8.25 -10.25
0.5 -10.5 -9
5 -6 -9
12 -4.5 -3.5
6.5 -11.5 -2
2.75 -3.75 -12.25
5.5 -1.5 -12
7 -4 -8
3.75 -9.25 -5.75
8.5 1.5 -11
2 -11 -5
3.5 -13.5 -1
2.75 -1.25 -12.75
-0.25 -5.25 -11.75
-1 -12 -6
12.25 -1.25 -3.25
8 0.5 -8.5
1.75 -13.25 -0.75
9.5 -9.5 3
3.75 2.25 -13.25
-1.5 -12.5 -4
13 -1.5 -0.5
10.75 -7.25 3.25
6 3.5 -11.5
8.75 2.75 -7.75
-2.25 -13.25 -2.75
1.25 -13.75 1.25
7 -10.5 3.5
-4.75 -11.75 -5.75
-3.75 -12.75 -3.75
-1.75 -13.75 -0.75
1 -11.5 -0.5
10 -6.5 3.5
7 -10.5 4.5
11 -6.5 4.5
1.75 3.25 -13.25
8 4.5 -8.5
8.75 3.25 -6.25
11.25 0.75 -1.25
12.75 -2.75 3.75
9.5 -7 4.5
7.5 4.5 -8
-5.75 -10.75 -5.75
-4.25 -10.25 -4.75
-5 -5.5 -9.5
7 5.5 -8.5
-6 -12 -4
2.25 -11.25 3.75
2.5 -11.5 4
-4.5 -1.5 -12
-5.75 -3.75 -10.75
-4.5 -4 -9.5
6 5.5 -8.5
-2.25 -11.25 0.25
10.5 -2 3.5
4.75 -10.25 6.25
-4 0.5 -12.5
-6.5 -4 -10.5
4.25 6.25 -9.75
-7.25 -6.75 -8.25
10.25 -4.75 7.25
4.75 7.25 -9.25
-6.5 -6.5 -7
10.75 5.75 -1.75
-3.75 -11.25 0.75
10.75 -1.75 5.75
9.75 -1.75 5.75
0.5 -11.5 6
9 -3.5 6.5
6.25 -6.75 7.25
-2.25 5.25 -12.25
8 9 -6
-7.75 -7.25 -5.25
-7.25 -6.75 -5.25
10 8.5 -3.5
9.25 7.25 -2.75
-7 -10.5 -1.5
11 2.5 3.5
12.75 3.75 4.25
5.25 -6.75 7.25
6.75 -6.25 8.25
0.75 7.25 -10.25
11.5 6 1.5
11.5 0.5 7
1 7.5 -9.5
9.25 8.25 -1.75
9.75 0.75 6.25
1.75 -8.75 7.75
4.25 -6.75 8.25
-10.5 -4.5 -8
-10.25 -4.75 -7.25
-8.5 -7 -3.5
9.25 8.75 -1.25
-8 1.5 -10.5
-2.75 6.25 -9.75
-9.5 -7 -3.5
-10.25 -8.25 -2.75
8 9.5 -2.5
11.5 7 3.5
-8.25 -0.25 -7.75
3.5 10 -6.5
-8.75 -8.75 0.25
-6 -9 3
3 -7.5 10.5
1.75 10.75 -7.75
-10.75 -3.25 -6.25
7.25 8.75 -0.25
-8.25 -9.75 2.75
-1.5 -10 9.5
2.75 11.25 -6.25
-10.5 -2.5 -6
-8.25 2.25 -7.25
-2.25 -7.75 8.75
2.5 -6 11.5
5.25 -3.25 11.75
3 11.5 -4.5
5.75 9.75 0.25
-0.25 -5.75 9.75
0.75 11.75 -5.75
-11 -0.5 -5.5
-5.5 -8 7.5
-5.5 -8.5 8
9 6 8
9.25 6.25 8.25
-0.25 -6.25 11.25
4 -3.5 12.5
5.25 -2.25 12.75
-12 1 -7
-12.75 -5.25 -1.25
-10.5 -5 0.5
8.5 8.5 6
-8.25 -8.75 6.75
8 4 10
-12 -3 -2
6.75 10.75 3.25
8.25 8.75 6.75
-10 -4.5 2.5
-9.75 -4.75 3.25
7.75 6.75 9.25
-2 10.5 -3.5
2.75 12.75 -0.75
5.5 8.5 6
-10.75 5.25 -5.75
4.75 4.75 10.25
0.5 -1.5 12
-9.75 6.75 -5.25
-7.25 8.25 -4.25
2.75 10.25 3.75
-0.75 11.25 0.25
4.75 9.25 7.75
2.25 3.75 10.75
-13 3 -3
-3.25 12.25 -2.25
-13.25 -1.25 1.25
-10 -3 6
2 5 10
-11.5 6.5 -4
-11 7 -4
-7.25 -1.75 8.75
1.5 5 10.5
-2.25 0.75 11.25
-3.5 -2.5 13
-11 1 3
0 4 11
-3.75 -0.75 12.25
-3.5 12.5 0
-13 -1 4
-8.5 -2.5 10
-2 2.5 11.5
-5.25 -1.25 12.25
0.75 4.25 12.75
-3.75 -0.75 13.25
-4 13 0
-13 -1 5
-10.25 0.75 6.25
-3 3 11
-8.75 8.25 1.25
-6.75 10.25 1.25
-4 11.5 2.5
-9.5 5 3.5
0.25 5.75 12.75
-11.25 8.25 -0.25
-12.75 5.25 1.25
-10.5 5.5 3
-6.75 7.25 5.25
-3.5 9 6.5
-2.75 9.25 7.25
-8 3.5 7.5
-12 7 1
-9 9.5 1.5
-11.25 5.75 3.25
-7.25 9.75 3.25
-4.25 10.25 5.75
-2.5 7.5 10
-6.25 2.75 11.25
-9.5 9 2.5
-5 11 5
-3.75 5.75 11.75
-2 7.5 11.5
-10.25 7.25 4.75
-10.75 5.25 7.25
-6 6 11
